,C4H73AC = Exercise/Activity A – Coded,C4H73AS = Seasonal exercise/activity A?,C4H73AFD = How many times per day do you do exercise/activity A?,C4H73AFW = How many days per week do you do exercise/activity A?,C4H73AM = What is the average number of minutes/session that you do exercise/activity A?,C4H73AI = What is the intensity of exercise/activity A?,C4H73BC = Exercise/Activity B – Coded,C4H73BS = Seasonal exercise/activity B?,C4H73BFD = How many times per day do you do exercise/activity B?,C4H73BFW = How many days per week do you do exercise/activity B?,C4H73BM = What is the average number of minutes/session that you do exercise/activity B?,C4H73BI = What is the intensity of exercise/activity B?,C4H73CC = Exercise/Activity C – Coded,C4H73CS = Seasonal exercise/activity C?,C4H73CFD = How many times per day do you do exercise/activity C?,C4H73CFW = How many days per week do you do exercise/activity C?,C4H73CM = What is the average number of minutes/session that you do exercise/activity C?,C4H73CI = What is the intensity of exercise/activity C?,C4H73DC = Exercise/Activity D – Coded,C4H73DS = Seasonal exercise/activity D?,C4H73DFD = How many times per day do you do exercise/activity D?,C4H73DFW = How many days per week do you do exercise/activity D?,C4H73DM = What is the average number of minutes/session that you do exercise/activity D?,C4H73DI = What is the intensity of exercise/activity D?,C4H73EC = Exercise/Activity E – Coded,C4H73ES = Seasonal exercise/activity E?,C4H73EFD = How many times per day do you do exercise/activity E?,C4H73EFW = How many days per week do you do exercise/activity E?,C4H73EM = What is the average number of minutes/session that you do exercise/activity E?,C4H73EI = What is the intensity of exercise/activity E?,C4H73FC = Exercise/Activity F – Coded,C4H73FS = Seasonal exercise/activity F?,C4H73FFD = How many times per day do you do exercise/activity F?,C4H73FFW = How many days per week do you do exercise/activity F?,C4H73FM = What is the average number of minutes/session that you do exercise/activity F?,C4H73FI = What is the intensity of exercise/activity F?,C4H73GC = Exercise/Activity G – Coded,C4H73GS = Seasonal exercise/activity G?,C4H73GFD = How many times per day do you do exercise/activity G?,C4H73GFW = How many days per week do you do exercise/activity G?,C4H73GM = What is the average number of minutes/session that you do exercise/activity G?,C4H73GI = What is the intensity of exercise/activity G?,C1PA26 = Ever had cancer,C1PA28AA = Age breast cancer diagnosed,C4H1P = Have you ever had cancer?,Family history of breast cancer,C1PA24 = High blood pressure ever diagnosed,C1PA24A = Number years ago told high blood pressure,C1PA24B = Ever taken high blood pressure medicine,C1PA24EC = High blood pressure therapy - Exercise,C4H1A = Have you ever had heart disease?,C4H1B = Have you ever had high blood pressure?,C4H1C = Have you ever had circulation problems?,C4H1D = Have you ever had blood clots?,C4H1E = Have you ever had a heart murmur?,C4H1F = Have you ever had a TIA (mini-stroke) or stroke?,C4H1H = Have you ever had cholesterol problems?,C4P1F1D = BP (sitting) 1 diastolic,C4P1F2S = BP (sitting) 2 systolic,C4P1F2D = BP (sitting) 2 diastolic,C4P1F3S = BP (sitting) 3 systolic,C4P1F3D = BP (sitting) 3 diastolic,C4P1GS = Average BP (sitting) systolic,C4P1GD = Average BP (sitting) diastolic,C4P1GS23 = Average of 2nd and 3rd systolic BPs,C4P1GD23 = Average of 2nd and 3rd diastolic BPs,C4BCHOL = Blood Total Cholesterol (mg/dL),C4BTRIGL = Blood Triglycerides (mg/dL),C4BHDL = Blood HDL Cholesterol (mg/dL),C4BLDL = Blood LDL Cholesterol (mg/dL),C4BRTHDL = Blood Ratio Total / HDL Cholesterol,Family history of stroke,Family history of circulation problems,Family history of high blood pressure,Family history of heart disease
C4H73AC = Exercise/Activity A – Coded,1.0,0.9839586970930112,0.9816203886654701,0.9861369977132296,0.9684349849082337,0.9756879093906982,0.6423583366630595,0.6444280126285955,0.6417110097192515,0.6390979194918107,0.6429821353012212,0.6458136706737158,0.4050599225862775,0.4117795317781533,0.4072268361622082,0.4071442152890143,0.4124320600511569,0.40501220101694363,0.18423547036674642,0.18468742088680468,0.1844394554201149,0.18450015015858512,0.18368222308028034,0.18276070679750683,0.10653620911348015,0.10796775895133753,0.10761770381684159,0.10737315335803847,0.10626519067664224,0.10521111956983152,0.0640800369761315,0.0642482143250529,0.06406389502481996,0.06377990744823185,0.0644057246555682,0.06236325697443424,0.04044704900501826,0.04048082628192127,0.04044042379410044,0.04052884700089727,0.040483361786061135,0.040112409755863665,0.09095291290142934,0.0003578819543694281,0.15841761691663742,0.009481433121088336,-0.11513819571162723,-0.1183307197277196,-0.11850200688461335,-0.0013850229573069753,-0.11798659218120393,-0.00819971780929871,-0.11465395755282934,-0.1268627694314016,0.021482025223894356,-0.10839012816755,-0.02327533898001519,0.09945472343387211,0.05734164182160937,0.09809301785022567,0.08578250550614103,0.12372851952233305,0.08631963839785227,0.09945667362705043,0.07446111948476732,0.11089453475890787,-0.027251743291712517,-0.007810439134445371,-0.08636313698317523,-0.01794203986896445,0.0003984745007768199,-0.15165244140314146,-0.10791744938517744,-0.06699129047821527,-0.10859861530324838
C4H73AS = Seasonal exercise/activity A?,0.9839586970930112,1.0,0.9962693950497756,0.9986453095022767,0.9846820693658189,0.9861170464852317,0.6683475809612742,0.6706256479746077,0.6712950847554778,0.671073449323224,0.6667056617429458,0.6590366952448202,0.46567061747271343,0.46512168371819873,0.4661925920314611,0.46613663499305935,0.4627168344986884,0.46488077238337466,0.1374044666874963,0.13746825449524933,0.13748999668978162,0.13753564804027518,0.13692964999734952,0.1364544823243378,0.08270464676044866,0.08277555601599952,0.08273899320424767,0.08272057216719357,0.08226103816329443,0.0818687300294889,0.05202046916687251,0.05209992824199414,0.0520972126902125,0.05208425552687206,0.051798577595501966,0.05178529332840202,0.02986184767441867,0.029848495653540794,0.029851680168679368,0.029900543268844067,0.029790473300547293,0.029763640942277583,0.16280120221816582,-0.010459414406603173,0.22715262377239928,0.05805715157290692,-0.1665382219646292,-0.17097584903375623,-0.17199179001951984,-0.02770047618791039,-0.15783169596678112,0.03902597342552885,-0.12818503543918497,-0.15798844123475375,-0.015974066366237487,-0.12317966830317191,0.02143224849853447,0.15524881824825587,0.12087101635433703,0.15776391331567116,0.1512537013472093,0.17809109895142686,0.15178651358941514,0.1551283897208354,0.14037376173448493,0.16788224225648654,-0.01606679642507941,-0.007074622398934196,-0.10190972888823438,-0.000897246464221427,0.007767934355374374,-0.2097088940857991,-0.17406942677411366,-0.10617753966073636,-0.1417010692829707
C4H73AFD = How many times per day do you do exercise/activity A?,0.9816203886654701,0.9962693950497756,1.0,0.9965875528364649,0.9865938097978454,0.98417172928486,0.664284510727452,0.6665301149904445,0.6673490618062731,0.6671234437279007,0.6632204131714302,0.6556750718999093,0.46700662581064556,0.466588316782994,0.467531871684957,0.4674479114562525,0.4644401828337774,0.4660638764771606,0.1395926502069431,0.139970277343153,0.13998702070994637,0.1399188256202116,0.13948241699468417,0.1389569846541168,0.08306280993811324,0.08337865019635263,0.08331709635291161,0.08326407781373249,0.08241547810285124,0.08230772538992087,0.054299577333188534,0.05432828154216573,0.05434028690796095,0.054321862452149816,0.054009781408924214,0.05398602465411798,0.033882724031058284,0.03388189836004115,0.03389228434843894,0.03388130782948987,0.03388318246455113,0.033791393336859536,0.1628878598941953,-0.010790359755407366,0.2274050258839608,0.05561180919880232,-0.16550168323269276,-0.17020721637461747,-0.1709921091553591,-0.02885390305267209,-0.15465023641726725,0.03698043731588434,-0.12488773733415047,-0.15424557106847064,-0.012187299314854278,-0.12145844969301836,0.024080725179735113,0.15645375114247165,0.11854366370454072,0.1571626084693285,0.15037660881914544,0.1784368646455195,0.15051212845489087,0.1548684705481059,0.13880397878994957,0.16768404984606824,-0.01639932652819643,-0.007721866756700274,-0.10185636819823299,-0.0014506862145259427,0.007071004519040713,-0.206696634108297,-0.1694008347334165,-0.10083437935087587,-0.1395264927876768
C4H73AFW = How many days per week do you do exercise/activity A?,0.9861369977132296,0.9986453095022767,0.9965875528364649,1.0,0.983853317963021,0.9865495394283323,0.6669735167779924,0.6691270748088581,0.6694832000622609,0.6691312884325716,0.6658208297553893,0.6591549085617667,0.46139944359349755,0.4617576905276019,0.4621742010136513,0.4621333711631497,0.46000618821938505,0.4608135466531798,0.1451816207638585,0.14568164674320255,0.14568493257096246,0.14563248951095542,0.14494523193038047,0.1447416902499187,0.08526290799886474,0.08545888805485276,0.08544369947201494,0.08532665465505218,0.0845811076699985,0.08468305447940874,0.05615667990874776,0.05606734280277196,0.056104499763517404,0.05613164794944832,0.05597159310292722,0.05566088045139284,0.036051212720641566,0.03604439711704449,0.03611766485127665,0.03604614086596322,0.03608707177880716,0.036203403427412593,0.15534824543726927,-0.009034547142378863,0.2193162473756488,0.050657826077967524,-0.15971337185184517,-0.16408598327395277,-0.16498883719622004,-0.027523223674094273,-0.15237065881125103,0.032714513265393604,-0.12640142608063726,-0.15313042103002186,-0.009684570083888636,-0.12171850565811582,0.01744892638981829,0.1466914121686956,0.11239630087793702,0.14942266891863817,0.14321824646719813,0.1711357958783658,0.14394405402144897,0.1470558241931196,0.13198551222231958,0.16017809601337457,-0.020189811804437616,-0.010430900356069799,-0.10262219502191428,-0.006316667337739227,0.0034676409645301,-0.20165359176237213,-0.165146751362315,-0.10026027444948742,-0.1387915556741472
C4H73AM = What is the average number of minutes/session that you do exercise/activity A?,0.9684349849082337,0.9846820693658189,0.9865938097978454,0.983853317963021,1.0,0.9711898152521653,0.660051916063534,0.6616593098741363,0.6630229341464716,0.6627316412812655,0.6607164878232857,0.6505839042705643,0.4714652053493729,0.47094777881317756,0.4719345656532379,0.47188352298657754,0.46960182573124787,0.4708788743819654,0.1378552555120653,0.13772343906084034,0.13767993642849552,0.13760193500121723,0.1375680230122309,0.1375880998723009,0.07787470651800563,0.07601059555727856,0.07637615226213305,0.07619657577819094,0.07620277838456863,0.07731653394174699,0.03222905745946317,0.033089571417892545,0.03306162965217328,0.032788881587903655,0.032060696439894135,0.03448148183671892,0.026843091000775053,0.02682040486080052,0.026552368321198127,0.026977943890936253,0.026448626029667396,0.025686239626551328,0.16583374978991652,-0.005889081760669649,0.23307411675843126,0.04919479421045736,-0.17073988638533624,-0.17640412487146928,-0.17663619906180852,-0.026935008929163718,-0.156849761967471,0.042988817424896845,-0.10751092681864559,-0.17361871684825253,-0.014206474803640635,-0.12520847026141155,0.030176854698502387,0.15871549331474166,0.11992312149399262,0.165449872758222,0.15218909322492744,0.18542565390263496,0.15244595273286107,0.15897627811349618,0.14041317797800526,0.17563687316874127,0.0007835637337239418,0.013699267286127512,-0.08392967516731317,0.01702767709781029,0.028623020996500832,-0.19678134521994692,-0.17560340766090668,-0.10343906932465385,-0.14339204413296658
C4H73AI = What is the intensity of exercise/activity A?,0.9756879093906982,0.9861170464852317,0.98417172928486,0.9865495394283323,0.9711898152521653,1.0,0.6763806788617419,0.678533639835941,0.6789775174634809,0.6786003471249529,0.6750458138259956,0.6727016952986158,0.4799202090110893,0.4801921705989439,0.4805820941767855,0.4801558667421942,0.478170256652271,0.4801725725815583,0.17703798680850294,0.1773111030157237,0.17729609012816136,0.17711141311314024,0.1757507713851303,0.17546208163121446,0.09981505889375547,0.10084931517950912,0.10049666297041292,0.10046652549939517,0.0992882402246307,0.09775149604111663,0.056900227983988826,0.05740867364205575,0.0572539455742087,0.05688160780875978,0.057354353717187403,0.05595377346806076,0.038107994643282114,0.03811639490945472,0.03788323399992631,0.038276660093331825,0.03783720457873783,0.03703055061073713,0.1577808341085784,-0.019579652216144418,0.22129571381382204,0.05525111184636653,-0.1744473163309394,-0.1784612017473894,-0.1800082480930136,-0.03810493607885905,-0.16664230166874902,0.030201434388715143,-0.12420583650393462,-0.16078314265090768,-0.01762098143899508,-0.13285353935061028,0.017170715525512296,0.14791376271687673,0.11868061892554391,0.1469260855277782,0.14620277356684025,0.17044992922136257,0.1467535330857317,0.14601803107414257,0.13679338861979687,0.1582567151996194,-0.005887857370639551,0.006806943225297037,-0.09090949331879566,0.009771987708626837,0.02142542214214854,-0.21306237601684563,-0.16300362091403453,-0.09259298257490761,-0.12843267455176569
C4H73BC = Exercise/Activity B – Coded,0.6423583366630595,0.6683475809612742,0.664284510727452,0.6669735167779924,0.660051916063534,0.6763806788617419,1.0,0.9966824881813138,0.9955382880318963,0.9944659878827201,0.9915119725992416,0.9844667740868349,0.6724016479897453,0.6749791996602291,0.6738787665104333,0.6737006085525723,0.673311726441099,0.6714591885637389,0.21919716877878226,0.21947775050271506,0.21963694330483313,0.2196111172496098,0.2186304533556719,0.2190884983201408,0.12953585060698122,0.12898641793752,0.12920589555417922,0.1290635059116983,0.12848701931209347,0.12830271165258664,0.07791209623454233,0.07812414252466708,0.07826615486883896,0.07844589981208115,0.07725961383541598,0.07861900101016382,0.049466032850128024,0.049474272662724826,0.04941965253235287,0.04945647506616987,0.04944309686260634,0.04905169589031114,0.2107670325904807,-0.053059122614005375,0.2690632077785506,0.15041495867723334,-0.22963540808647023,-0.2293669768034833,-0.2331626754112936,-0.025970252707151018,-0.19164042795777672,0.0954212733369639,-0.1497949319852083,-0.1239019125420887,-0.025017599139266645,-0.1798578397085424,0.09397020913485993,0.1939422302272535,0.18522585888735263,0.17297571023359254,0.20924702481508797,0.18799605269144992,0.21304536632218926,0.1864616422585228,0.20333397662815145,0.17979370959915547,0.024136754358343396,0.05775936195635051,-0.04425107587443579,0.06617495468676612,0.08215338191849282,-0.2635492780199633,-0.27102939220160466,-0.11640042534614098,-0.1645356575590762
C4H73BS = Seasonal exercise/activity B?,0.6444280126285955,0.6706256479746077,0.6665301149904445,0.6691270748088581,0.6616593098741363,0.678533639835941,0.9966824881813138,1.0,0.9988669556441774,0.997716286352194,0.9941090253788694,0.9853662605107455,0.6783546631947909,0.6798169218095921,0.6794345893670068,0.6793409558133557,0.6774775387915061,0.6772097689952189,0.2179050310493117,0.21824182216622268,0.21825086619192635,0.21819817050893972,0.21750828734853997,0.21683516197349673,0.13221644372847252,0.13231442216418252,0.13231154577872872,0.13229433562037515,0.13188738526060362,0.13149181280337907,0.08364725610604004,0.08384121044513253,0.08379082073144015,0.08369226531315342,0.08328115546524655,0.0831998866521751,0.05002706462603962,0.05003787085270205,0.04998605791884026,0.05005754616244564,0.04999496677219464,0.049620444818638386,0.21734923228163971,-0.05901001852921952,0.2775511179340493,0.15150703492443687,-0.23266812776418253,-0.23308575181464705,-0.23700804112468277,-0.031612562362001134,-0.19366797081694442,0.10048212180327663,-0.14971730092697932,-0.12092624879275014,-0.02272853090173609,-0.1783598057871415,0.09843993852153253,0.19859283417091794,0.1912701314024877,0.1782510277783295,0.21569193088144586,0.19409351242296066,0.2191217804681996,0.19336491042835893,0.20976669136800896,0.18553528519649432,0.025554220648536876,0.05598471890850163,-0.046687784835631324,0.06781970519834797,0.0811229039232184,-0.26476922529937214,-0.2837108677446843,-0.11242782215069132,-0.16613952867915724
C4H73BFD = How many times per day do you do exercise/activity B?,0.6417110097192515,0.6712950847554778,0.6673490618062731,0.6694832000622609,0.6630229341464716,0.6789775174634809,0.9955382880318963,0.9988669556441774,1.0,0.9995106391968099,0.9933983240338738,0.9830086835162435,0.6930682578484325,0.6927873943835692,0.6940330264994772,0.6939143767807157,0.6896831870260823,0.6919317257347366,0.21049327763907152,0.21086318706219653,0.21091040343362202,0.21087468735100878,0.21004578373914254,0.20973673875376422,0.1271490504088995,0.12730465987848483,0.127351081126333,0.12732372382466767,0.12615918639049892,0.12638587263689244,0.0803939435265085,0.08043644191542396,0.08045421661547054,0.08042693804844071,0.0799648824119706,0.07992970904049874,0.050165506548284645,0.05016428409035098,0.050179661200186666,0.05016340977268347,0.050166185287939195,0.05003028570436172,0.23763312798375338,-0.061997231344871534,0.2966582432262385,0.16158434441551695,-0.24406580344701131,-0.24463647235711344,-0.2486706709467552,-0.038039678304648564,-0.19928981279212224,0.11524120950181818,-0.15188736672080047,-0.12489988636246356,-0.03219682785524514,-0.18211167024813593,0.11567707978032084,0.21494873072419268,0.2059762722984007,0.1941812578834176,0.2313087754120668,0.20857119229692841,0.23456064659985115,0.2088003349422057,0.22531576660553204,0.2007508145211413,0.02906233376658704,0.055980642991566416,-0.05045160419442867,0.07208448322868517,0.08234859759557918,-0.2788338058473078,-0.3037055690760054,-0.12246469256501781,-0.17769016602142654
C4H73BFW = How many days per week do you do exercise/activity B?,0.6390979194918107,0.671073449323224,0.6671234437279007,0.6691312884325716,0.6627316412812655,0.6786003471249529,0.9944659878827201,0.997716286352194,0.9995106391968099,1.0,0.9917649812267993,0.9805995597550194,0.7030952564027764,0.7019389048361315,0.7040058125501346,0.7039620110933821,0.6984859606684787,0.7020056728703731,0.20461533232245524,0.20499846067438623,0.20505399907464164,0.20504463738663245,0.20406261521548769,0.2038568829951015,0.12401592407891125,0.12420301686025274,0.12428687101675866,0.12424462834873887,0.12299229574109537,0.12327484724244449,0.07808411637550351,0.0780761475257624,0.07810799355664898,0.07811059528564063,0.0776609593116707,0.07759985977573686,0.049815778363113676,0.04981287143325768,0.049832286014125454,0.04982790126287355,0.049806595848493354,0.04969872272764407,0.24990356330944175,-0.06286927224744657,0.3082401471490983,0.1676580949270022,-0.25203846273070474,-0.25280411271155245,-0.25697007160993557,-0.04235522503744616,-0.20320188979396395,0.12291444058528424,-0.15512449754477853,-0.12866732348146306,-0.03745467860063827,-0.18348697316783247,0.12420821860620018,0.2225676541152966,0.21474100093225368,0.20361896891637263,0.24038783088676013,0.2167683262720429,0.24370922823918825,0.21730934206337,0.23444683432325614,0.20957572839743524,0.03164260650483001,0.05640315428139308,-0.052319738561847726,0.07489314025584982,0.08342081011610905,-0.28677258292150176,-0.3139379662924791,-0.12846299015614032,-0.1831771413390888
C4H73BM = What is the average number of minutes/session that you do exercise/activity B?,0.6429821353012212,0.6667056617429458,0.6632204131714302,0.6658208297553893,0.6607164878232857,0.6750458138259956,0.9915119725992416,0.9941090253788694,0.9933983240338738,0.9917649812267993,1.0,0.9831203575575514,0.6719809205572762,0.6736032003552966,0.6725028690430415,0.672566317763882,0.6723319458554335,0.6708814199984444,0.2291155432728553,0.22940777531788395,0.22938307010217354,0.22915995218973445,0.2279699144267241,0.22776236895090832,0.13134858000337712,0.13059158805140278,0.1306982186304346,0.1304575804585512,0.13110981943407718,0.13077884283417537,0.09087582474865934,0.09114407042451114,0.09106200801278583,0.09096189608226922,0.09019761677802364,0.09088766064280254,0.05407007650103825,0.054120639671878135,0.05404979340543137,0.054044406635276564,0.05419356790752829,0.05355345936581605,0.20367557878117323,-0.05453995897876864,0.2658286446060487,0.1427752166299018,-0.22822702873867123,-0.22767329006182815,-0.23187943602975575,-0.02998817903488262,-0.18672576290798837,0.08930222238972808,-0.14660708214112325,-0.11442879128209416,-0.022536078512396602,-0.18008255447814703,0.09272577043962543,0.19779813081071884,0.18779453879476848,0.17802232640238388,0.2121159577455354,0.1937375343526015,0.21525782668134535,0.1926642319999195,0.2060544224709787,0.18547015437491368,0.019535249389552235,0.05170119840058847,-0.04991319483264368,0.062138208461649115,0.0768252466133691,-0.25543606052981777,-0.2758316308035636,-0.10436908323508479,-0.1681595455257627
C4H73BI = What is the intensity of exercise/activity B?,0.6458136706737158,0.6590366952448202,0.6556750718999093,0.6591549085617667,0.6505839042705643,0.6727016952986158,0.9844667740868349,0.9853662605107455,0.9830086835162435,0.9805995597550194,0.9831203575575514,1.0,0.6467050050097451,0.6530613440648569,0.6485935105005545,0.6485584228731744,0.6527464082524262,0.646420186213526,0.2582710856386013,0.2586941602405586,0.2585098857196495,0.2583560992429447,0.25583984194949466,0.25791793121847695,0.1479797156922972,0.14740751197584626,0.14773837738588685,0.1474736000013302,0.14520927723119623,0.14730210830409554,0.09814469728695856,0.09828700933391506,0.09826128591045266,0.09802958098684333,0.09726730217857614,0.09739523952164246,0.07141880758532551,0.07151031409133903,0.07155643125910775,0.07140883209879995,0.07178252354236324,0.07127842179011626,0.16585252334056838,-0.049296552688921594,0.23169739542831558,0.12107872758463743,-0.19555424837972862,-0.19355252926543326,-0.19708282829754964,-0.011668841607642878,-0.1730894431791797,0.07082775649792375,-0.14192709389483113,-0.10482924619641956,-0.005615321342535145,-0.16861965909350185,0.07394624915019704,0.15499003605052372,0.15064381657585452,0.1330616006307599,0.17559599828657055,0.15281597573813094,0.17742775136660222,0.14711209425179111,0.1684289945644503,0.14195339883927519,0.012139096363757368,0.048653855081310884,-0.04374028801016328,0.05186723422120817,0.07136105725458004,-0.24026273012570334,-0.2412995243274501,-0.0847666126838098,-0.14102952328205606
C4H73CC = Exercise/Activity C – Coded,0.4050599225862775,0.46567061747271343,0.46700662581064556,0.46139944359349755,0.4714652053493729,0.4799202090110893,0.6724016479897453,0.6783546631947909,0.6930682578484325,0.7030952564027764,0.6719809205572762,0.6467050050097451,1.0,0.9963794648878679,0.9986360019334601,0.9986108610172605,0.9918283946479008,0.995475760239302,0.29571477988008393,0.29653499041265724,0.29663289964381107,0.2964161842607699,0.2959998114089105,0.2945229702162593,0.17501119886487182,0.1754385499660102,0.1753697033182711,0.1752715503801059,0.17442972943504736,0.17372786430960188,0.11150393764611238,0.11165063262557072,0.11173345222646082,0.11170174285910607,0.11058648165765066,0.11148983837336349,0.0703087294005857,0.07029978227230939,0.0703213877249994,0.07038625112364329,0.07024167018886397,0.07012283058994875,0.4287019239392829,-0.06908291823704042,0.45814682659149086,0.28221244555412367,-0.33853820259319756,-0.3330707277614976,-0.34187665321447874,-0.11586133118823876,-0.2383136027273703,0.2526064971231181,-0.18722875703142994,-0.1620736865441803,-0.11514398698438534,-0.1696017695236823,0.23413841652861464,0.31486685579582935,0.3582698657532346,0.319889221889494,0.3873016987119854,0.30569522900920654,0.38504765902663257,0.3162272157185037,0.38218150923973687,0.31264056419327213,0.08458951663697062,0.07725856373661318,-0.054566072530308485,0.12590576813603793,0.10973007623291878,-0.3290004957391719,-0.42894713631608833,-0.172683607166002,-0.22721314704060985
C4H73CS = Seasonal exercise/activity C?,0.4117795317781533,0.46512168371819873,0.466588316782994,0.4617576905276019,0.47094777881317756,0.4801921705989439,0.6749791996602291,0.6798169218095921,0.6927873943835692,0.7019389048361315,0.6736032003552966,0.6530613440648569,0.9963794648878679,1.0,0.9981996451406417,0.997992885895448,0.9969567228841982,0.9939657982171972,0.33307994880849745,0.33337313953992487,0.3334332007058004,0.3334126629271211,0.33232229888988124,0.33149845327156713,0.20083568333842836,0.2010576160022166,0.20112965506950586,0.20116963469295873,0.19937587432928205,0.1995532026775236,0.12426158394224654,0.12442125942002785,0.12441385377026264,0.12438619174148707,0.12348974902724766,0.12390357954612369,0.073844403808144,0.073850222690295,0.07382627460012552,0.07384458376029054,0.07383010018845478,0.07345715640241984,0.3951760232768453,-0.06500637467579345,0.42536790762397264,0.2631047689476238,-0.3186309997180236,-0.3121358310329753,-0.3211557356776048,-0.10480282936187078,-0.22862660837221346,0.22967641540953337,-0.18705516657372487,-0.14771216526454065,-0.1023075637113298,-0.1629766664844446,0.21500714098401472,0.29658387042073453,0.3403063030795657,0.30047750443219434,0.3695011549391805,0.2888215412147704,0.36646176396557295,0.2973018977320294,0.36376846343472896,0.294615885411259,0.07644979913783966,0.0738976915173748,-0.05173663920098596,0.11642434750020991,0.104583718151327,-0.3084519647937031,-0.39907458463761464,-0.15215973545672332,-0.21490247874895768
C4H73CFD = How many times per day do you do exercise/activity C?,0.4072268361622082,0.4661925920314611,0.467531871684957,0.4621742010136513,0.4719345656532379,0.4805820941767855,0.6738787665104333,0.6794345893670068,0.6940330264994772,0.7040058125501346,0.6725028690430415,0.6485935105005545,0.9986360019334601,0.9981996451406417,1.0,0.9998613907936896,0.9937446492848874,0.9970371062119135,0.30232487156871923,0.3028661755817306,0.3029449084985722,0.3028855893601184,0.30168892640175227,0.301263529871241,0.18265352044426644,0.1829151829365519,0.18297243948803746,0.18292982383393497,0.1812399000310408,0.18152968969155678,0.11544007157067113,0.11550608810836226,0.11553419799957157,0.11548691511387738,0.11481975851696977,0.11471458051472196,0.07222992805579423,0.07222816792109808,0.07225030838400942,0.0722269090500816,0.07223090532722574,0.07203523268640066,0.42382620377269115,-0.07003115192311524,0.45273719227564596,0.27791949157102047,-0.33558130568907574,-0.3304466669756656,-0.3393290710720656,-0.11557229063879365,-0.23904817682969726,0.2505514660643886,-0.1880079295554893,-0.1550207568489745,-0.11467260120818004,-0.1657889117353538,0.23519890226062234,0.31483825061228377,0.3575447133313823,0.3198343659396647,0.3869855694496829,0.30531547965250416,0.38466475128036154,0.315993044383622,0.3816450594016934,0.312459221237776,0.08460964086660369,0.07750275192448394,-0.05359050000754432,0.1255745058436611,0.10978959610040771,-0.3284913010113385,-0.4238343262918726,-0.1675272179629697,-0.2267830118168112
C4H73CFW = How many days per week do you do exercise/activity C?,0.4071442152890143,0.46613663499305935,0.4674479114562525,0.4621333711631497,0.47188352298657754,0.4801558667421942,0.6737006085525723,0.6793409558133557,0.6939143767807157,0.7039620110933821,0.672566317763882,0.6485584228731744,0.9986108610172605,0.997992885895448,0.9998613907936896,1.0,0.9934592115809274,0.9971332403276734,0.3034438244628215,0.30412290194479,0.30419366572438894,0.30417715327842393,0.30290540825754697,0.3025559983017042,0.18358576116584194,0.18359992454209412,0.18370953121159272,0.18362677801610938,0.18219931151273072,0.18244077464960132,0.11883787472277108,0.11888210292729955,0.11889518313920104,0.11885949203778141,0.11826087358457386,0.11809613058530859,0.07478593134459087,0.07478310142388817,0.0747965640809275,0.07478743106028608,0.07477252156847201,0.07454732438635903,0.42378986259320917,-0.07036009621434315,0.4534662472943582,0.2785927447897178,-0.335558096372488,-0.3303088258039852,-0.3392466926976216,-0.11518049340060883,-0.2394163510330313,0.2502833038345264,-0.18764448188885088,-0.15465117275394474,-0.11502481203945913,-0.16520182861658936,0.23518420217017227,0.3135462311377862,0.35693681273888106,0.31884972645474824,0.3864878414926372,0.30438951084868476,0.38415377494419867,0.31502439642756963,0.3811031275854204,0.31149667606722736,0.08378886054596418,0.0769223981430592,-0.053700139384483925,0.12465512522400919,0.10906492483351811,-0.32815502073122044,-0.42331537128507124,-0.1665425519419134,-0.22660482223930933
C4H73CM = What is the average number of minutes/session that you do exercise/activity C?,0.4124320600511569,0.4627168344986884,0.4644401828337774,0.46000618821938505,0.46960182573124787,0.478170256652271,0.673311726441099,0.6774775387915061,0.6896831870260823,0.6984859606684787,0.6723319458554335,0.6527464082524262,0.9918283946479008,0.9969567228841982,0.9937446492848874,0.9934592115809274,1.0,0.9890744462451003,0.34986152565096496,0.3501777491224807,0.3503072747300834,0.3504350691908277,0.3491691504602469,0.3489732246107806,0.2077487506595702,0.2078390961984555,0.208099342618878,0.2084154039073704,0.20661312860268632,0.20744129427064623,0.12351344168969845,0.12349560527385343,0.12379709257529448,0.12400635225627575,0.12196794596703428,0.12452433415656892,0.08083975564027089,0.08081736090805135,0.08089989818260128,0.08080783622303427,0.08083280457944071,0.08086036436128781,0.37883763509777063,-0.06119146677734252,0.4086893120797729,0.25774580971616257,-0.31040993008197065,-0.30292483330105,-0.31196000449417977,-0.10110221949135759,-0.22501083414532208,0.2183920118031098,-0.18597863848396942,-0.13939502569623846,-0.09497002406623978,-0.15842114452789002,0.20591333364215733,0.2871428049028124,0.3298494835549496,0.28868475483723854,0.35783206497344805,0.2796610668288754,0.3549726307222503,0.28660935658274544,0.35238657229516474,0.2843207116972786,0.07321008194576058,0.07306429234073145,-0.04930763047515596,0.11276940116089382,0.10275283441452575,-0.292265043601253,-0.3872423297370706,-0.14241479774358393,-0.20536012367236964
C4H73CI = What is the intensity of exercise/activity C?,0.40501220101694363,0.46488077238337466,0.4660638764771606,0.4608135466531798,0.4708788743819654,0.4801725725815583,0.6714591885637389,0.6772097689952189,0.6919317257347366,0.7020056728703731,0.6708814199984444,0.646420186213526,0.995475760239302,0.9939657982171972,0.9970371062119135,0.9971332403276734,0.9890744462451003,1.0,0.30369813718516653,0.3041685368259968,0.3041621324607787,0.3041513755273581,0.30263449793040775,0.3033373088287969,0.19091327828082574,0.190567627381843,0.1905724270666724,0.19027430214467728,0.19044129665023868,0.18898791977427815,0.12151637029279108,0.12172208919650987,0.12167077130323746,0.12153030692631671,0.12128000070220274,0.11989640503026971,0.07878574331077344,0.07879875120512604,0.07869776878639015,0.07875637191383071,0.07874378505491116,0.0780704390208013,0.42916299939423413,-0.07354869170309489,0.4582835091550557,0.2813911695095498,-0.34056200053487884,-0.33655924830473566,-0.34515727532020896,-0.11929717343698928,-0.24510132589201278,0.2558609687757525,-0.18795194934382084,-0.15737014067559094,-0.12216031697653568,-0.16495864146953598,0.24180390460604478,0.31251113019945365,0.35737847711815285,0.3211182645565123,0.3858964704596296,0.3033990214154576,0.3845881122250695,0.3156969772760204,0.38112555460871067,0.3120256246800069,0.08702963165355523,0.07764421615690278,-0.054684832733409766,0.1272679388490234,0.11027326107213438,-0.3333725455685433,-0.42532965153439517,-0.17200376042882762,-0.22871706322548657
C4H73DC = Exercise/Activity D – Coded,0.18423547036674642,0.1374044666874963,0.1395926502069431,0.1451816207638585,0.1378552555120653,0.17703798680850294,0.21919716877878226,0.2179050310493117,0.21049327763907152,0.20461533232245524,0.2291155432728553,0.2582710856386013,0.29571477988008393,0.33307994880849745,0.30232487156871923,0.3034438244628215,0.34986152565096496,0.30369813718516653,1.0,0.9979930195611774,0.9980406287940118,0.9979527226244586,0.9944558647551844,0.9929587205283386,0.6089355784246054,0.6095923993376554,0.6097148384733019,0.6097288088600549,0.6043555583376308,0.6056610466534692,0.3825591009045709,0.38314130740699165,0.3829827402093569,0.3824972196098682,0.3803062149575461,0.3800104422146919,0.22951831671432552,0.22957325244499488,0.22957096838532556,0.22962358740981134,0.22961663254040512,0.22858329436554947,-0.1746644695332666,0.07093423087211714,-0.15276446730405036,-0.09900310696167731,0.04917442426908429,0.05506812368227096,0.05178977313149025,0.08188497380233949,0.029147727882433395,-0.19436020735241044,-0.03557903956980127,0.0001677086481126071,0.027167281123438046,0.026394879570859734,-0.134244322003428,-0.12736642207286292,-0.0443838567023459,-0.11839007108882706,-0.04318186583931714,-0.10142239823146901,-0.05060795820852044,-0.12288814418565078,-0.0450115906139234,-0.11028545982026644,-0.057405067759146146,-0.01669913448678677,-0.007584190491882684,-0.059245998674851606,-0.023334416601463952,0.10484227279109468,0.14705984519420742,0.07838869253898194,0.04815472945042673
C4H73DS = Seasonal exercise/activity D?,0.18468742088680468,0.13746825449524933,0.139970277343153,0.14568164674320255,0.13772343906084034,0.1773111030157237,0.21947775050271506,0.21824182216622268,0.21086318706219653,0.20499846067438623,0.22940777531788395,0.2586941602405586,0.29653499041265724,0.33337313953992487,0.3028661755817306,0.30412290194479,0.3501777491224807,0.3041685368259968,0.9979930195611774,1.0,0.9997220754218137,0.9994837590444625,0.9957043550380993,0.9935553163298165,0.5994716070670326,0.6004442824670241,0.6005800238500355,0.6003048579827375,0.5958119303162642,0.5957248462980502,0.38023990338954655,0.380592530646568,0.3806268630956601,0.38040374948814065,0.378363954837716,0.37795244488758584,0.23613723510773843,0.2361269004354355,0.23612078156124783,0.23617114080387774,0.23603164977550312,0.23519177501242067,-0.17411807165961746,0.07140552075920858,-0.1561269012369437,-0.0969601339303429,0.051009465766658775,0.05663302463989712,0.053509483771315175,0.08319407220152339,0.02643641372629526,-0.1927395375178688,-0.03407526892586356,0.00031672041403776256,0.02639078697448037,0.021301406922719427,-0.13847126567667523,-0.13630567661165863,-0.05417810137120383,-0.12688708939384521,-0.05138966883386449,-0.11027178035493355,-0.05927660588630819,-0.13131743156611073,-0.05411733108544034,-0.11916935338637455,-0.05787257610554162,-0.01601247259034016,-0.006447251272605087,-0.05969010495593262,-0.02290433906893003,0.1040157070108897,0.14883845368892512,0.0761767550177664,0.050415764648798794
C4H73DFD = How many times per day do you do exercise/activity D?,0.1844394554201149,0.13748999668978162,0.13998702070994637,0.14568493257096246,0.13767993642849552,0.17729609012816136,0.21963694330483313,0.21825086619192635,0.21091040343362202,0.20505399907464164,0.22938307010217354,0.2585098857196495,0.29663289964381107,0.3334332007058004,0.3029449084985722,0.30419366572438894,0.3503072747300834,0.3041621324607787,0.9980406287940118,0.9997220754218137,1.0,0.9997811780207202,0.9959417160503492,0.9942930816807285,0.6019497898109702,0.60271359315971,0.6029032632929933,0.6027712747229144,0.5972102231282372,0.5983936425017605,0.38086381114283824,0.3810651459407097,0.38114935303026104,0.38102012166598215,0.3788311474355051,0.3786645146803264,0.2376575295823249,0.2376517382258196,0.23772458680619346,0.23764759617302142,0.23766074509035998,0.23701692503298336,-0.1741113432451235,0.0704812009408352,-0.15570188962716375,-0.09662540163391002,0.05016175391506184,0.055645982397172174,0.05256299282991239,0.0830854416270049,0.027216958865138276,-0.19435195911648373,-0.035012336920585946,0.0002591581277583006,0.02531410313882493,0.022390444554628935,-0.13906910504452302,-0.13483815200073573,-0.05136994024296039,-0.12531312064811426,-0.04934530746848304,-0.10897475880452052,-0.05708746503490949,-0.1298814897853082,-0.05166974475480196,-0.11769333537489395,-0.05785397876984583,-0.015633303085481522,-0.006116795524667789,-0.059600897349818965,-0.022672826893265555,0.1052112884077943,0.14886453483753653,0.0774821574386261,0.050766289008534055
C4H73DFW = How many days per week do you do exercise/activity D?,0.18450015015858512,0.13753564804027518,0.1399188256202116,0.14563248951095542,0.13760193500121723,0.17711141311314024,0.2196111172496098,0.21819817050893972,0.21087468735100878,0.20504463738663245,0.22915995218973445,0.2583560992429447,0.2964161842607699,0.3334126629271211,0.3028855893601184,0.30417715327842393,0.3504350691908277,0.3041513755273581,0.9979527226244586,0.9994837590444625,0.9997811780207202,1.0,0.9954032280680013,0.9945283915617387,0.6021496669803102,0.6027710561384407,0.6030405292558394,0.6029837415716506,0.5973583387950852,0.5985586705248482,0.37845215117868675,0.37867588581910766,0.3788503427633427,0.378821796787384,0.3762578122037407,0.3767271378584585,0.23716488549322748,0.23715934481329518,0.2372633919160365,0.23714921891797625,0.23719967405559908,0.23664973788823368,-0.17453173289147905,0.06966247770699875,-0.1551271750569941,-0.09512461873712276,0.04956220296485851,0.05523153886040719,0.05201642553257477,0.08159513302608407,0.027158261359491107,-0.19435069023919777,-0.03536392207136642,0.001086616292956948,0.025250414170514872,0.023404603579736106,-0.13777602688340465,-0.13378791712590915,-0.05129636867693324,-0.12472503561189288,-0.04918722653226223,-0.10788795554172094,-0.057051193714653725,-0.12896550154633998,-0.05155919693403637,-0.1168443072353706,-0.057945469696410824,-0.016010410060916302,-0.006316644422415082,-0.0597908312334068,-0.023054338918865613,0.10618214487121283,0.1485997207439847,0.07869492916880146,0.04978383581421664
C4H73DM = What is the average number of minutes/session that you do exercise/activity D?,0.18368222308028034,0.13692964999734952,0.13948241699468417,0.14494523193038047,0.1375680230122309,0.1757507713851303,0.2186304533556719,0.21750828734853997,0.21004578373914254,0.20406261521548769,0.2279699144267241,0.25583984194949466,0.2959998114089105,0.33232229888988124,0.30168892640175227,0.30290540825754697,0.3491691504602469,0.30263449793040775,0.9944558647551844,0.9957043550380993,0.9959417160503492,0.9954032280680013,1.0,0.9909456594261411,0.6038447326080123,0.6055224264331753,0.6050737729123266,0.6049666686388835,0.6011651546681053,0.6011759919320807,0.38843990854850646,0.388732094601048,0.3888231256251442,0.38860177740945545,0.38600734120821734,0.386569580619597,0.2396603913246849,0.23964967255825434,0.2397960329511721,0.2396895993472452,0.2396900209565552,0.2393055857017059,-0.17447233165590378,0.07122035498808775,-0.15386152953548998,-0.1026929969649305,0.053292586009629876,0.058961665333590846,0.0557395656456667,0.08679180655561863,0.022031936699782987,-0.18984526467955606,-0.0320008369388827,0.0021857462984177073,0.02920544194401864,0.02077456658564352,-0.13662946873701892,-0.13519622664667771,-0.04601547928338813,-0.12416008098429329,-0.04500322104085786,-0.10841306992252146,-0.051775951581285194,-0.12911762210218658,-0.04680298072068179,-0.1168572475513828,-0.056987365237516845,-0.013958018230238248,-0.003977134569518055,-0.05855296321702002,-0.021258668693196734,0.10347075048402835,0.1417358486979305,0.0716207842042466,0.05525131819530681
